#  LAT(N)   LON(E)   DEPTH   STEP  DOSE RATE  TOTAL DOSE
-26.1293  28.2366  940.202    1  8.8300E-02  1.4717E-03
-26.1293  28.2366  854.077    2  1.3746E-01  3.7627E-03
-26.1293  28.2366  854.077    3  1.3746E-01  6.0538E-03
-26.1293  28.2366  854.077    4  1.3746E-01  8.3449E-03
-26.1293  28.2366  854.077    5  1.3746E-01  1.0636E-02
-26.1293  28.2366  854.077    6  1.3746E-01  1.2927E-02
-26.1293  28.2366  854.077    7  1.3746E-01  1.5218E-02
-26.1293  28.2366  854.077    8  1.3746E-01  1.7509E-02
-26.1293  28.2366  854.077    9  1.3746E-01  1.9800E-02
-26.1293  28.2366  854.077   10  1.3746E-01  2.2091E-02
-26.1293  28.2366  854.077   11  1.3746E-01  2.4382E-02
-26.1293  28.2366  854.077   12  1.3746E-01  2.6674E-02
-26.1293  28.2366  854.077   13  1.3746E-01  2.8965E-02
-26.1293  28.2366  854.077   14  1.3746E-01  3.1256E-02
-26.1293  28.2366  854.077   15  1.3746E-01  3.3547E-02
-26.1293  28.2366  854.077   16  1.3746E-01  3.5838E-02
-26.1293  28.2366  854.077   17  1.3746E-01  3.8129E-02
-26.1293  28.2366  854.077   18  1.3746E-01  4.0420E-02
-26.1293  28.2366  854.077   19  1.3746E-01  4.2711E-02
-26.1293  28.2366  854.077   20  1.3746E-01  4.5002E-02
-26.1292  28.2366  854.077   21  1.3746E-01  4.7293E-02
-26.1292  28.2366  854.077   22  1.3746E-01  4.9584E-02
-26.1292  28.2366  854.077   23  1.3746E-01  5.1875E-02
-26.1291  28.2366  854.077   24  1.3746E-01  5.4166E-02
-26.1291  28.2366  854.077   25  1.3746E-01  5.6458E-02
-26.1291  28.2366  854.077   26  1.3746E-01  5.8749E-02
-26.1287  28.2366  854.077   27  1.3746E-01  6.1040E-02
-26.1283  28.2365  854.077   28  1.3746E-01  6.3331E-02
-26.1283  28.2366  854.077   29  1.3746E-01  6.5622E-02
-26.1283  28.2367  854.077   30  1.3746E-01  6.7913E-02
-26.1283  28.2367  854.077   31  1.3746E-01  7.0204E-02
-26.1283  28.2368  854.077   32  1.3746E-01  7.2495E-02
-26.1283  28.2369  854.077   33  1.3746E-01  7.4786E-02
-26.1260  28.2386  854.077   34  1.3746E-01  7.7077E-02
-26.1215  28.2400  854.077   35  1.3745E-01  7.9368E-02
-26.1160  28.2417  854.077   36  1.3744E-01  8.1658E-02
-26.1105  28.2434  854.077   37  1.3743E-01  8.3949E-02
-26.1079  28.2449  854.077   38  1.3743E-01  8.6239E-02
-26.1088  28.2460  854.077   39  1.3743E-01  8.8530E-02
-26.1095  28.2458  854.077   40  1.3743E-01  9.0820E-02
-26.1238  28.2414  854.077   41  1.3745E-01  9.3111E-02
-26.1912  28.2208  806.391   42  1.7008E-01  9.5946E-02
-26.2469  28.2345  780.010   43  1.8828E-01  9.9084E-02
-26.2781  28.3275  734.301   44  2.1978E-01  1.0275E-01
-26.3166  28.4275  686.085   45  3.1808E-01  1.0805E-01
-26.3493  28.5110  639.189   46  4.5017E-01  1.1555E-01
-26.4225  28.6587  571.150   47  6.4356E-01  1.2628E-01
-26.4995  28.7691  540.359   48  7.3231E-01  1.3848E-01
-26.5427  28.8303  521.314   49  7.8742E-01  1.5161E-01
-26.6046  28.9198  490.177   50  8.7781E-01  1.6624E-01
-26.6870  29.0380  452.847   51  1.1593E+00  1.8556E-01
-26.7770  29.1670  419.663   52  1.4482E+00  2.0970E-01
-26.9042  29.3510  380.391   53  1.7939E+00  2.3959E-01
-26.9719  29.4485  360.661   54  1.9693E+00  2.7242E-01
-27.0613  29.5781  331.141   55  2.2332E+00  3.0963E-01
-27.1618  29.7248  302.998   56  2.5661E+00  3.5240E-01
-27.2522  29.8574  293.612   57  2.7152E+00  3.9766E-01
-27.3438  29.9924  293.107   58  2.7291E+00  4.4314E-01
-27.4279  30.1161  293.107   59  2.7347E+00  4.8872E-01
-27.4992  30.2211  293.107   60  2.7396E+00  5.3438E-01
-27.5662  30.3200  293.107   61  2.7442E+00  5.8012E-01
-27.6498  30.4438  293.107   62  2.7501E+00  6.2595E-01
-27.7355  30.5707  293.107   63  2.7562E+00  6.7189E-01
-27.8331  30.7157  293.107   64  2.7632E+00  7.1794E-01
-27.9423  30.8797  293.107   65  2.7712E+00  7.6413E-01
-28.0365  31.0216  293.107   66  2.7782E+00  8.1043E-01
-28.1291  31.1606  293.107   67  2.7847E+00  8.5684E-01
-28.2194  31.2968  293.107   68  2.7911E+00  9.0336E-01
-28.3093  31.4326  293.107   69  2.7979E+00  9.4999E-01
-28.3771  31.5351  293.107   70  2.8034E+00  9.9672E-01
-28.4218  31.6034  293.107   71  2.8071E+00  1.0435E+00
-28.4897  31.7071  293.107   72  2.8127E+00  1.0904E+00
-28.5794  31.8451  293.107   73  2.8202E+00  1.1374E+00
-28.6670  31.9801  293.107   74  2.8275E+00  1.1845E+00
-28.7556  32.1129  293.107   75  2.8354E+00  1.2318E+00
-28.8486  32.2448  293.107   76  2.8437E+00  1.2792E+00
-28.9558  32.3934  293.107   77  2.8534E+00  1.3267E+00
-29.0605  32.5408  293.107   78  2.8634E+00  1.3744E+00
-29.1525  32.6719  293.107   79  2.8724E+00  1.4223E+00
-29.2445  32.8023  293.107   80  2.8814E+00  1.4703E+00
-29.3080  32.8925  293.107   81  2.8876E+00  1.5185E+00
-29.3846  33.0018  293.107   82  2.8951E+00  1.5667E+00
-29.5008  33.1675  293.107   83  2.9063E+00  1.6152E+00
-29.6053  33.3178  293.107   84  2.9164E+00  1.6638E+00
-29.6981  33.4516  293.107   85  2.9255E+00  1.7125E+00
-29.7916  33.5866  293.107   86  2.9347E+00  1.7614E+00
-29.8861  33.7240  293.107   87  2.9441E+00  1.8105E+00
-29.9768  33.8557  293.107   88  2.9532E+00  1.8597E+00
-30.0547  33.9694  293.107   89  2.9607E+00  1.9091E+00
-30.1236  34.0714  293.107   90  2.9675E+00  1.9585E+00
-30.2057  34.1935  293.107   91  2.9758E+00  2.0081E+00
-30.2994  34.3337  284.629   92  3.1330E+00  2.0603E+00
-30.3929  34.4729  271.730   93  3.3704E+00  2.1165E+00
-30.4861  34.6118  267.166   94  3.4632E+00  2.1742E+00
-30.5776  34.7503  267.166   95  3.4757E+00  2.2322E+00
-30.6674  34.8854  267.166   96  3.4879E+00  2.2903E+00
-30.7553  35.0175  267.166   97  3.4998E+00  2.3486E+00
-30.8482  35.1593  267.166   98  3.5123E+00  2.4072E+00
-30.9447  35.3062  267.104   99  3.5266E+00  2.4659E+00
-31.0400  35.4500  266.982  100  3.5415E+00  2.5250E+00
-31.1351  35.5941  266.860  101  3.5559E+00  2.5842E+00
-31.2301  35.7385  266.738  102  3.5704E+00  2.6437E+00
-31.3248  35.8832  266.617  103  3.5850E+00  2.7035E+00
-31.4195  36.0282  266.495  104  3.5996E+00  2.7635E+00
-31.5139  36.1735  266.373  105  3.6139E+00  2.8237E+00
-31.6082  36.3190  266.252  106  3.6281E+00  2.8842E+00
-31.7024  36.4649  266.130  107  3.6422E+00  2.9449E+00
-31.7963  36.6111  266.008  108  3.6563E+00  3.0058E+00
-31.8901  36.7575  265.886  109  3.6705E+00  3.0670E+00
-31.9837  36.9043  265.764  110  3.6845E+00  3.1284E+00
-32.0772  37.0513  265.642  111  3.6973E+00  3.1900E+00
-32.1705  37.1987  265.520  112  3.7110E+00  3.2519E+00
-32.2636  37.3463  265.398  113  3.7246E+00  3.3140E+00
-32.3565  37.4943  265.276  114  3.7383E+00  3.3763E+00
-32.4492  37.6425  265.155  115  3.7519E+00  3.4388E+00
-32.5418  37.7911  265.033  116  3.7655E+00  3.5015E+00
-32.6342  37.9400  264.911  117  3.7792E+00  3.5645E+00
-32.7264  38.0891  264.789  118  3.7929E+00  3.6277E+00
-32.8185  38.2386  264.668  119  3.8066E+00  3.6912E+00
-32.9104  38.3884  264.547  120  3.8202E+00  3.7549E+00
-33.0020  38.5385  264.426  121  3.8337E+00  3.8188E+00
-33.0935  38.6889  264.305  122  3.8458E+00  3.8829E+00
-33.1849  38.8396  264.184  123  3.8579E+00  3.9472E+00
-33.2760  38.9906  264.063  124  3.8702E+00  4.0117E+00
-33.3669  39.1420  263.943  125  3.8824E+00  4.0764E+00
-33.4577  39.2936  263.822  126  3.8946E+00  4.1413E+00
-33.5483  39.4456  263.701  127  3.9070E+00  4.2064E+00
-33.6387  39.5979  263.580  128  3.9193E+00  4.2717E+00
-33.7288  39.7505  263.460  129  3.9316E+00  4.3372E+00
-33.8189  39.9034  263.339  130  3.9439E+00  4.4030E+00
-33.9087  40.0567  263.218  131  3.9563E+00  4.4689E+00
-33.9983  40.2102  263.097  132  3.9686E+00  4.5351E+00
-34.0877  40.3641  262.976  133  3.9796E+00  4.6014E+00
-34.1770  40.5183  262.855  134  3.9910E+00  4.6679E+00
-34.2660  40.6729  262.734  135  4.0025E+00  4.7346E+00
-34.3548  40.8277  262.613  136  4.0140E+00  4.8015E+00
-34.4435  40.9829  262.492  137  4.0255E+00  4.8686E+00
-34.5319  41.1385  262.372  138  4.0373E+00  4.9359E+00
-34.6202  41.2943  262.251  139  4.0492E+00  5.0034E+00
-34.7082  41.4505  262.131  140  4.0612E+00  5.0711E+00
-34.7961  41.6070  262.011  141  4.0734E+00  5.1389E+00
-34.8837  41.7638  261.891  142  4.0857E+00  5.2070E+00
-34.9711  41.9210  261.771  143  4.0981E+00  5.2753E+00
-35.0584  42.0785  261.651  144  4.1102E+00  5.3438E+00
-35.1454  42.2364  261.531  145  4.1220E+00  5.4125E+00
-35.2322  42.3945  261.411  146  4.1338E+00  5.4814E+00
-35.3188  42.5531  261.292  147  4.1456E+00  5.5505E+00
-35.4052  42.7119  261.172  148  4.1575E+00  5.6198E+00
-35.4914  42.8711  261.053  149  4.1694E+00  5.6893E+00
-35.5774  43.0306  260.933  150  4.1814E+00  5.7590E+00
-35.6632  43.1905  260.813  151  4.1940E+00  5.8289E+00
-35.7487  43.3507  260.693  152  4.2066E+00  5.8990E+00
-35.8340  43.5113  260.574  153  4.2191E+00  5.9693E+00
-35.9192  43.6722  260.454  154  4.2317E+00  6.0399E+00
-36.0041  43.8334  260.334  155  4.2442E+00  6.1106E+00
-36.0887  43.9950  260.214  156  4.2556E+00  6.1815E+00
-36.1732  44.1570  260.094  157  4.2666E+00  6.2526E+00
-36.2575  44.3193  259.974  158  4.2778E+00  6.3239E+00
-36.3415  44.4819  259.854  159  4.2890E+00  6.3954E+00
-36.4253  44.6449  259.734  160  4.3002E+00  6.4671E+00
-36.5088  44.8082  259.614  161  4.3114E+00  6.5389E+00
-36.5922  44.9719  259.494  162  4.3226E+00  6.6110E+00
-36.6753  45.1359  259.375  163  4.3356E+00  6.6832E+00
-36.7582  45.3003  259.255  164  4.3490E+00  6.7557E+00
-36.8409  45.4651  259.135  165  4.3625E+00  6.8284E+00
-36.9233  45.6302  259.015  166  4.3762E+00  6.9014E+00
-37.0055  45.7956  258.895  167  4.3900E+00  6.9745E+00
-37.0875  45.9615  258.775  168  4.4040E+00  7.0479E+00
-37.1692  46.1276  258.656  169  4.4161E+00  7.1215E+00
-37.2507  46.2941  258.536  170  4.4276E+00  7.1953E+00
-37.3320  46.4610  258.417  171  4.4391E+00  7.2693E+00
-37.4130  46.6283  258.297  172  4.4506E+00  7.3435E+00
-37.4938  46.7959  258.178  173  4.4620E+00  7.4179E+00
-37.5744  46.9638  258.059  174  4.4735E+00  7.4924E+00
-37.6547  47.1322  257.940  175  4.4856E+00  7.5672E+00
-37.7348  47.3009  257.822  176  4.4978E+00  7.6421E+00
-37.8146  47.4699  257.703  177  4.5101E+00  7.7173E+00
-37.8942  47.6393  257.584  178  4.5223E+00  7.7927E+00
-37.9735  47.8091  257.466  179  4.5345E+00  7.8683E+00
-38.0526  47.9793  257.348  180  4.5477E+00  7.9441E+00
-38.1315  48.1498  257.229  181  4.5613E+00  8.0201E+00
-38.2101  48.3206  257.111  182  4.5748E+00  8.0963E+00
-38.2884  48.4919  256.993  183  4.5884E+00  8.1728E+00
-38.3665  48.6635  256.875  184  4.6019E+00  8.2495E+00
-38.4444  48.8355  256.758  185  4.6154E+00  8.3264E+00
-38.5219  49.0078  256.640  186  4.6288E+00  8.4036E+00
-38.5993  49.1806  256.522  187  4.6431E+00  8.4810E+00
-38.6764  49.3537  256.404  188  4.6574E+00  8.5586E+00
-38.7532  49.5271  256.287  189  4.6716E+00  8.6364E+00
-38.8297  49.7010  256.169  190  4.6859E+00  8.7145E+00
-38.9060  49.8752  256.051  191  4.7001E+00  8.7929E+00
-38.9821  50.0497  255.934  192  4.7143E+00  8.8714E+00
-39.0578  50.2247  255.816  193  4.7291E+00  8.9503E+00
-39.1334  50.4000  255.698  194  4.7438E+00  9.0293E+00
-39.2086  50.5757  255.580  195  4.7584E+00  9.1086E+00
-39.2836  50.7518  255.463  196  4.7729E+00  9.1882E+00
-39.3583  50.9282  255.345  197  4.7872E+00  9.2680E+00
-39.4327  51.1051  255.227  198  4.8027E+00  9.3480E+00
-39.5069  51.2823  255.109  199  4.8188E+00  9.4283E+00
-39.5808  51.4599  254.991  200  4.8348E+00  9.5089E+00
-39.6544  51.6378  254.873  201  4.8507E+00  9.5898E+00
-39.7278  51.8161  254.755  202  4.8665E+00  9.6709E+00
-39.8009  51.9949  254.637  203  4.8824E+00  9.7522E+00
-39.8737  52.1739  254.519  204  4.8980E+00  9.8339E+00
-39.9462  52.3534  254.401  205  4.9139E+00  9.9158E+00
-40.0184  52.5333  254.283  206  4.9297E+00  9.9979E+00
-40.0904  52.7135  254.165  207  4.9447E+00  1.0080E+01
-40.1621  52.8941  254.047  208  4.9597E+00  1.0163E+01
-40.2335  53.0751  253.929  209  4.9742E+00  1.0246E+01
-40.3046  53.2564  253.812  210  4.9882E+00  1.0329E+01
-40.3754  53.4382  253.695  211  5.0022E+00  1.0412E+01
-40.4460  53.6203  253.577  212  5.0160E+00  1.0496E+01
-40.5162  53.8028  253.460  213  5.0302E+00  1.0580E+01
-40.5862  53.9857  253.343  214  5.0443E+00  1.0664E+01
-40.6558  54.1690  253.227  215  5.0588E+00  1.0748E+01
-40.7252  54.3526  253.110  216  5.0731E+00  1.0833E+01
-40.7943  54.5366  252.993  217  5.0873E+00  1.0918E+01
-40.8631  54.7210  252.877  218  5.1013E+00  1.1003E+01
-40.9316  54.9058  252.760  219  5.1151E+00  1.1088E+01
-40.9998  55.0910  252.643  220  5.1288E+00  1.1173E+01
-41.0677  55.2766  252.526  221  5.1413E+00  1.1259E+01
-41.1353  55.4625  252.409  222  5.1537E+00  1.1345E+01
-41.2026  55.6488  252.292  223  5.1662E+00  1.1431E+01
-41.2696  55.8355  252.176  224  5.1786E+00  1.1517E+01
-41.3363  56.0226  252.059  225  5.1910E+00  1.1604E+01
-41.4027  56.2100  251.942  226  5.2033E+00  1.1691E+01
-41.4687  56.3979  251.825  227  5.2155E+00  1.1777E+01
-41.5345  56.5861  251.708  228  5.2277E+00  1.1865E+01
-41.6000  56.7747  251.591  229  5.2399E+00  1.1952E+01
-41.6651  56.9637  251.474  230  5.2522E+00  1.2039E+01
-41.7299  57.1530  251.358  231  5.2644E+00  1.2127E+01
-41.7945  57.3428  251.241  232  5.2767E+00  1.2215E+01
-41.8587  57.5329  251.125  233  5.2889E+00  1.2303E+01
-41.9226  57.7234  251.009  234  5.3011E+00  1.2392E+01
-41.9861  57.9143  250.893  235  5.3132E+00  1.2480E+01
-42.0494  58.1055  250.777  236  5.3254E+00  1.2569E+01
-42.1123  58.2972  250.662  237  5.3377E+00  1.2658E+01
-42.1750  58.4892  250.546  238  5.3501E+00  1.2747E+01
-42.2372  58.6816  250.430  239  5.3626E+00  1.2836E+01
-42.2992  58.8744  250.315  240  5.3751E+00  1.2926E+01
-42.3609  59.0675  250.199  241  5.3879E+00  1.3016E+01
-42.4222  59.2611  250.083  242  5.4011E+00  1.3106E+01
-42.4832  59.4550  249.968  243  5.4142E+00  1.3196E+01
-42.5438  59.6492  249.852  244  5.4274E+00  1.3287E+01
-42.6042  59.8439  249.736  245  5.4406E+00  1.3377E+01
-42.6641  60.0389  249.620  246  5.4536E+00  1.3468E+01
-42.7238  60.2343  249.505  247  5.4665E+00  1.3559E+01
-42.7831  60.4301  249.389  248  5.4794E+00  1.3651E+01
-42.8421  60.6263  249.273  249  5.4925E+00  1.3742E+01
-42.9008  60.8228  249.157  250  5.5057E+00  1.3834E+01
-42.9591  61.0197  249.041  251  5.5188E+00  1.3926E+01
-43.0171  61.2170  248.925  252  5.5307E+00  1.4018E+01
-43.0747  61.4146  248.809  253  5.5421E+00  1.4110E+01
-43.1320  61.6126  248.693  254  5.5534E+00  1.4203E+01
-43.1890  61.8110  248.577  255  5.5648E+00  1.4296E+01
-43.2456  62.0097  248.461  256  5.5761E+00  1.4389E+01
-43.3018  62.2089  248.345  257  5.5877E+00  1.4482E+01
-43.3577  62.4083  248.229  258  5.5994E+00  1.4575E+01
-43.4133  62.6082  248.113  259  5.6111E+00  1.4669E+01
-43.4685  62.8084  247.998  260  5.6229E+00  1.4762E+01
-43.5234  63.0090  247.882  261  5.6348E+00  1.4856E+01
-43.5779  63.2099  247.767  262  5.6466E+00  1.4950E+01
-43.6320  63.4112  247.651  263  5.6582E+00  1.5045E+01
-43.6858  63.6129  247.536  264  5.6696E+00  1.5139E+01
-43.7393  63.8149  247.421  265  5.6808E+00  1.5234E+01
-43.7923  64.0172  247.306  266  5.6919E+00  1.5329E+01
-43.8451  64.2200  247.191  267  5.7038E+00  1.5424E+01
-43.8974  64.4231  247.076  268  5.7156E+00  1.5519E+01
-43.9494  64.6265  246.961  269  5.7273E+00  1.5614E+01
-44.0010  64.8303  246.847  270  5.7390E+00  1.5710E+01
-44.0523  65.0345  246.732  271  5.7498E+00  1.5806E+01
-44.1032  65.2390  246.618  272  5.7594E+00  1.5902E+01
-44.1538  65.4438  246.504  273  5.7688E+00  1.5998E+01
-44.2039  65.6490  246.390  274  5.7780E+00  1.6094E+01
-44.2537  65.8546  246.276  275  5.7871E+00  1.6191E+01
-44.3032  66.0605  246.162  276  5.7962E+00  1.6287E+01
-44.3522  66.2667  246.048  277  5.8058E+00  1.6384E+01
-44.4009  66.4733  245.934  278  5.8154E+00  1.6481E+01
-44.4492  66.6802  245.821  279  5.8251E+00  1.6578E+01
-44.4971  66.8875  245.707  280  5.8349E+00  1.6675E+01
-44.5447  67.0951  245.593  281  5.8449E+00  1.6773E+01
-44.5919  67.3030  245.480  282  5.8553E+00  1.6870E+01
-44.6387  67.5113  245.366  283  5.8656E+00  1.6968E+01
-44.6851  67.7199  245.252  284  5.8758E+00  1.7066E+01
-44.7311  67.9288  245.138  285  5.8861E+00  1.7164E+01
-44.7768  68.1381  245.025  286  5.8961E+00  1.7263E+01
-44.8220  68.3477  244.911  287  5.9058E+00  1.7361E+01
-44.8669  68.5576  244.797  288  5.9155E+00  1.7460E+01
-44.9114  68.7679  244.683  289  5.9252E+00  1.7558E+01
-44.9555  68.9785  244.569  290  5.9351E+00  1.7657E+01
-44.9992  69.1894  244.455  291  5.9432E+00  1.7756E+01
-45.0426  69.4006  244.341  292  5.9510E+00  1.7855E+01
-45.0855  69.6121  244.227  293  5.9589E+00  1.7955E+01
-45.1280  69.8239  244.113  294  5.9669E+00  1.8054E+01
-45.1702  70.0361  243.999  295  5.9751E+00  1.8154E+01
-45.2119  70.2486  243.885  296  5.9847E+00  1.8254E+01
-45.2533  70.4614  243.772  297  5.9942E+00  1.8353E+01
-45.2943  70.6745  243.658  298  6.0035E+00  1.8454E+01
-45.3348  70.8879  243.544  299  6.0127E+00  1.8554E+01
-45.3750  71.1016  243.430  300  6.0211E+00  1.8654E+01
-45.4147  71.3156  243.316  301  6.0289E+00  1.8755E+01
-45.4541  71.5299  243.203  302  6.0368E+00  1.8855E+01
-45.4931  71.7445  243.089  303  6.0446E+00  1.8956E+01
-45.5316  71.9593  242.976  304  6.0525E+00  1.9057E+01
-45.5698  72.1745  242.862  305  6.0605E+00  1.9158E+01
-45.6075  72.3900  242.749  306  6.0686E+00  1.9259E+01
-45.6448  72.6058  242.636  307  6.0766E+00  1.9360E+01
-45.6818  72.8218  242.523  308  6.0845E+00  1.9462E+01
-45.7183  73.0381  242.410  309  6.0924E+00  1.9563E+01
-45.7544  73.2548  242.297  310  6.1008E+00  1.9665E+01
-45.7901  73.4716  242.184  311  6.1091E+00  1.9767E+01
-45.8254  73.6888  242.071  312  6.1173E+00  1.9869E+01
-45.8602  73.9062  241.958  313  6.1250E+00  1.9971E+01
-45.8947  74.1240  241.846  314  6.1322E+00  2.0073E+01
-45.9287  74.3419  241.733  315  6.1390E+00  2.0175E+01
-45.9624  74.5602  241.620  316  6.1458E+00  2.0278E+01
-45.9956  74.7787  241.508  317  6.1525E+00  2.0380E+01
-46.0283  74.9974  241.395  318  6.1592E+00  2.0483E+01
-46.0607  75.2165  241.283  319  6.1665E+00  2.0586E+01
-46.0927  75.4357  241.170  320  6.1739E+00  2.0689E+01
-46.1242  75.6553  241.057  321  6.1812E+00  2.0792E+01
-46.1553  75.8750  240.945  322  6.1885E+00  2.0895E+01
-46.1860  76.0951  240.832  323  6.1954E+00  2.0998E+01
-46.2162  76.3153  240.720  324  6.2020E+00  2.1101E+01
-46.2461  76.5358  240.607  325  6.2083E+00  2.1205E+01
-46.2755  76.7566  240.494  326  6.2143E+00  2.1308E+01
-46.3044  76.9775  240.382  327  6.2202E+00  2.1412E+01
-46.3330  77.1987  240.269  328  6.2260E+00  2.1516E+01
-46.3611  77.4202  240.156  329  6.2317E+00  2.1620E+01
-46.3888  77.6418  240.044  330  6.2374E+00  2.1724E+01
-46.4161  77.8637  239.931  331  6.2430E+00  2.1828E+01
-46.4429  78.0858  239.819  332  6.2486E+00  2.1932E+01
-46.4693  78.3082  239.706  333  6.2544E+00  2.2036E+01
-46.4953  78.5307  239.594  334  6.2602E+00  2.2140E+01
-46.5208  78.7534  239.481  335  6.2660E+00  2.2245E+01
-46.5459  78.9764  239.369  336  6.2717E+00  2.2349E+01
-46.5706  79.1995  239.257  337  6.2774E+00  2.2454E+01
-46.5948  79.4229  239.145  338  6.2831E+00  2.2559E+01
-46.6186  79.6465  239.032  339  6.2888E+00  2.2663E+01
-46.6419  79.8702  238.920  340  6.2942E+00  2.2768E+01
-46.6649  80.0941  238.808  341  6.2993E+00  2.2873E+01
-46.6873  80.3183  238.697  342  6.3044E+00  2.2978E+01
-46.7094  80.5426  238.585  343  6.3095E+00  2.3084E+01
-46.7310  80.7671  238.473  344  6.3145E+00  2.3189E+01
-46.7521  80.9917  238.362  345  6.3196E+00  2.3294E+01
-46.7729  81.2166  238.250  346  6.3247E+00  2.3400E+01
-46.7931  81.4416  238.139  347  6.3299E+00  2.3505E+01
-46.8130  81.6668  238.028  348  6.3350E+00  2.3611E+01
-46.8324  81.8921  237.917  349  6.3402E+00  2.3716E+01
-46.8513  82.1176  237.806  350  6.3453E+00  2.3822E+01
-46.8698  82.3433  237.695  351  6.3504E+00  2.3928E+01
-46.8878  82.5691  237.584  352  6.3556E+00  2.4034E+01
-46.9055  82.7951  237.473  353  6.3606E+00  2.4140E+01
-46.9226  83.0212  237.362  354  6.3655E+00  2.4246E+01
-46.9393  83.2474  237.252  355  6.3698E+00  2.4352E+01
-46.9556  83.4738  237.141  356  6.3741E+00  2.4458E+01
-46.9714  83.7003  237.030  357  6.3783E+00  2.4565E+01
-46.9868  83.9270  236.920  358  6.3826E+00  2.4671E+01
-47.0017  84.1538  236.809  359  6.3871E+00  2.4778E+01
-47.0162  84.3807  236.699  360  6.3916E+00  2.4884E+01
-47.0302  84.6077  236.588  361  6.3962E+00  2.4991E+01
-47.0438  84.8349  236.478  362  6.4007E+00  2.5097E+01
-47.0569  85.0621  236.367  363  6.4052E+00  2.5204E+01
-47.0696  85.2895  236.257  364  6.4097E+00  2.5311E+01
-47.0818  85.5170  236.146  365  6.4142E+00  2.5418E+01
-47.0936  85.7446  236.036  366  6.4186E+00  2.5525E+01
-47.1049  85.9722  235.925  367  6.4231E+00  2.5632E+01
-47.1157  86.2000  235.814  368  6.4273E+00  2.5739E+01
-47.1262  86.4279  235.704  369  6.4315E+00  2.5846E+01
-47.1361  86.6558  235.593  370  6.4357E+00  2.5953E+01
-47.1456  86.8839  235.483  371  6.4398E+00  2.6061E+01
-47.1547  87.1120  235.372  372  6.4440E+00  2.6168E+01
-47.1633  87.3402  235.262  373  6.4481E+00  2.6276E+01
-47.1714  87.5684  235.151  374  6.4521E+00  2.6383E+01
-47.1791  87.7968  235.041  375  6.4562E+00  2.6491E+01
-47.1863  88.0252  234.931  376  6.4603E+00  2.6598E+01
-47.1931  88.2536  234.820  377  6.4646E+00  2.6706E+01
-47.1994  88.4821  234.710  378  6.4689E+00  2.6814E+01
-47.2053  88.7107  234.600  379  6.4732E+00  2.6922E+01
-47.2107  88.9393  234.490  380  6.4776E+00  2.7030E+01
-47.2156  89.1679  234.379  381  6.4816E+00  2.7138E+01
-47.2201  89.3966  234.269  382  6.4856E+00  2.7246E+01
-47.2241  89.6254  234.159  383  6.4896E+00  2.7354E+01
-47.2277  89.8541  234.049  384  6.4936E+00  2.7462E+01
-47.2308  90.0829  233.940  385  6.4976E+00  2.7571E+01
-47.2335  90.3117  233.830  386  6.5015E+00  2.7679E+01
-47.2357  90.5406  233.720  387  6.5055E+00  2.7787E+01
-47.2375  90.7694  233.610  388  6.5094E+00  2.7896E+01
-47.2388  90.9983  233.501  389  6.5134E+00  2.8004E+01
-47.2396  91.2272  233.391  390  6.5173E+00  2.8113E+01
-47.2400  91.4561  233.282  391  6.5212E+00  2.8222E+01
-47.2399  91.6849  233.172  392  6.5251E+00  2.8331E+01
-47.2394  91.9138  233.063  393  6.5290E+00  2.8439E+01
-47.2384  92.1427  232.954  394  6.5330E+00  2.8548E+01
-47.2369  92.3716  232.845  395  6.5369E+00  2.8657E+01
-47.2350  92.6004  232.735  396  6.5409E+00  2.8766E+01
-47.2327  92.8293  232.626  397  6.5448E+00  2.8875E+01
-47.2298  93.0581  232.517  398  6.5488E+00  2.8984E+01
-47.2266  93.2868  232.408  399  6.5527E+00  2.9094E+01
-47.2228  93.5156  232.299  400  6.5567E+00  2.9203E+01
-47.2186  93.7443  232.189  401  6.5607E+00  2.9312E+01
-47.2140  93.9730  232.080  402  6.5646E+00  2.9422E+01
-47.2089  94.2016  231.971  403  6.5685E+00  2.9531E+01
-47.2033  94.4302  231.862  404  6.5723E+00  2.9641E+01
-47.1973  94.6588  231.753  405  6.5761E+00  2.9750E+01
-47.1909  94.8873  231.644  406  6.5799E+00  2.9860E+01
-47.1839  95.1157  231.535  407  6.5837E+00  2.9970E+01
-47.1766  95.3441  231.425  408  6.5874E+00  3.0079E+01
-47.1687  95.5724  231.316  409  6.5912E+00  3.0189E+01
-47.1604  95.8006  231.207  410  6.5950E+00  3.0299E+01
-47.1517  96.0288  231.098  411  6.5987E+00  3.0409E+01
-47.1425  96.2569  230.989  412  6.6025E+00  3.0519E+01
-47.1328  96.4849  230.880  413  6.6063E+00  3.0629E+01
-47.1227  96.7128  230.771  414  6.6100E+00  3.0740E+01
-47.1122  96.9406  230.662  415  6.6137E+00  3.0850E+01
-47.1011  97.1684  230.553  416  6.6175E+00  3.0960E+01
-47.0897  97.3960  230.444  417  6.6212E+00  3.1070E+01
-47.0778  97.6236  230.335  418  6.6249E+00  3.1181E+01
-47.0654  97.8510  230.227  419  6.6286E+00  3.1291E+01
-47.0526  98.0783  230.118  420  6.6322E+00  3.1402E+01
-47.0393  98.3056  230.009  421  6.6357E+00  3.1512E+01
-47.0256  98.5327  229.901  422  6.6391E+00  3.1623E+01
-47.0114  98.7597  229.792  423  6.6425E+00  3.1734E+01
-46.9968  98.9865  229.684  424  6.6459E+00  3.1845E+01
-46.9817  99.2133  229.576  425  6.6495E+00  3.1955E+01
-46.9662  99.4399  229.468  426  6.6531E+00  3.2066E+01
-46.9502  99.6664  229.360  427  6.6566E+00  3.2177E+01
-46.9338  99.8927  229.252  428  6.6602E+00  3.2288E+01
-46.9169 100.1189  229.144  429  6.6636E+00  3.2399E+01
-46.8996 100.3450  229.036  430  6.6669E+00  3.2510E+01
-46.8819 100.5709  228.928  431  6.6702E+00  3.2622E+01
-46.8636 100.7967  228.821  432  6.6736E+00  3.2733E+01
-46.8450 101.0223  228.713  433  6.6769E+00  3.2844E+01
-46.8259 101.2477  228.606  434  6.6804E+00  3.2955E+01
-46.8064 101.4730  228.498  435  6.6839E+00  3.3067E+01
-46.7864 101.6981  228.391  436  6.6875E+00  3.3178E+01
-46.7660 101.9231  228.284  437  6.6910E+00  3.3290E+01
-46.7451 102.1479  228.177  438  6.6943E+00  3.3401E+01
-46.7238 102.3725  228.070  439  6.6975E+00  3.3513E+01
-46.7020 102.5969  227.963  440  6.7007E+00  3.3625E+01
-46.6799 102.8212  227.856  441  6.7039E+00  3.3736E+01
-46.6572 103.0452  227.749  442  6.7072E+00  3.3848E+01
-46.6342 103.2691  227.642  443  6.7106E+00  3.3960E+01
-46.6107 103.4928  227.535  444  6.7140E+00  3.4072E+01
-46.5867 103.7163  227.428  445  6.7175E+00  3.4184E+01
-46.5624 103.9396  227.321  446  6.7209E+00  3.4296E+01
-46.5375 104.1627  227.215  447  6.7243E+00  3.4408E+01
-46.5123 104.3855  227.108  448  6.7277E+00  3.4520E+01
-46.4866 104.6082  227.001  449  6.7311E+00  3.4632E+01
-46.4605 104.8307  226.894  450  6.7345E+00  3.4744E+01
-46.4340 105.0529  226.788  451  6.7378E+00  3.4857E+01
-46.4070 105.2750  226.681  452  6.7412E+00  3.4969E+01
-46.3796 105.4968  226.575  453  6.7445E+00  3.5082E+01
-46.3517 105.7184  226.468  454  6.7479E+00  3.5194E+01
-46.3235 105.9397  226.362  455  6.7512E+00  3.5307E+01
-46.2948 106.1608  226.255  456  6.7543E+00  3.5419E+01
-46.2657 106.3817  226.149  457  6.7573E+00  3.5532E+01
-46.2361 106.6024  226.043  458  6.7603E+00  3.5644E+01
-46.2061 106.8228  225.936  459  6.7633E+00  3.5757E+01
-46.1757 107.0430  225.830  460  6.7664E+00  3.5870E+01
-46.1449 107.2630  225.724  461  6.7696E+00  3.5983E+01
-46.1137 107.4826  225.618  462  6.7729E+00  3.6096E+01
-46.0820 107.7021  225.512  463  6.7761E+00  3.6209E+01
-46.0499 107.9213  225.406  464  6.7794E+00  3.6322E+01
-46.0174 108.1402  225.300  465  6.7824E+00  3.6435E+01
-45.9845 108.3589  225.194  466  6.7853E+00  3.6548E+01
-45.9511 108.5773  225.088  467  6.7882E+00  3.6661E+01
-45.9174 108.7955  224.983  468  6.7910E+00  3.6774E+01
-45.8832 109.0133  224.877  469  6.7939E+00  3.6887E+01
-45.8486 109.2310  224.772  470  6.7967E+00  3.7000E+01
-45.8136 109.4483  224.666  471  6.7995E+00  3.7114E+01
-45.7782 109.6654  224.561  472  6.8023E+00  3.7227E+01
-45.7423 109.8822  224.455  473  6.8051E+00  3.7341E+01
-45.7061 110.0987  224.350  474  6.8079E+00  3.7454E+01
-45.6694 110.3149  224.244  475  6.8106E+00  3.7568E+01
-45.6324 110.5309  224.139  476  6.8133E+00  3.7681E+01
-45.5949 110.7465  224.034  477  6.8159E+00  3.7795E+01
-45.5570 110.9619  223.928  478  6.8186E+00  3.7908E+01
-45.5187 111.1770  223.823  479  6.8212E+00  3.8022E+01
-45.4801 111.3918  223.718  480  6.8239E+00  3.8136E+01
-45.4410 111.6063  223.613  481  6.8265E+00  3.8250E+01
-45.4015 111.8205  223.508  482  6.8291E+00  3.8363E+01
-45.3616 112.0344  223.402  483  6.8317E+00  3.8477E+01
-45.3213 112.2480  223.297  484  6.8343E+00  3.8591E+01
-45.2806 112.4613  223.192  485  6.8369E+00  3.8705E+01
-45.2395 112.6743  223.087  486  6.8394E+00  3.8819E+01
-45.1980 112.8870  222.982  487  6.8420E+00  3.8933E+01
-45.1561 113.0993  222.877  488  6.8444E+00  3.9047E+01
-45.1138 113.3114  222.772  489  6.8466E+00  3.9161E+01
-45.0712 113.5231  222.666  490  6.8487E+00  3.9275E+01
-45.0281 113.7346  222.561  491  6.8503E+00  3.9390E+01
-44.9846 113.9457  222.456  492  6.8518E+00  3.9504E+01
-44.9408 114.1565  222.351  493  6.8535E+00  3.9618E+01
-44.8965 114.3669  222.246  494  6.8554E+00  3.9732E+01
-44.8519 114.5771  222.141  495  6.8572E+00  3.9847E+01
-44.8069 114.7869  222.036  496  6.8591E+00  3.9961E+01
-44.7615 114.9964  221.931  497  6.8609E+00  4.0075E+01
-44.7157 115.2055  221.826  498  6.8625E+00  4.0190E+01
-44.6696 115.4144  221.721  499  6.8641E+00  4.0304E+01
-44.6230 115.6229  221.616  500  6.8656E+00  4.0418E+01
-44.5761 115.8310  221.512  501  6.8670E+00  4.0533E+01
-44.5288 116.0388  221.407  502  6.8684E+00  4.0647E+01
-44.4811 116.2463  221.302  503  6.8694E+00  4.0762E+01
-44.4331 116.4535  221.198  504  6.8701E+00  4.0876E+01
-44.3846 116.6603  221.093  505  6.8709E+00  4.0991E+01
-44.3358 116.8668  220.989  506  6.8716E+00  4.1105E+01
-44.2866 117.0729  220.885  507  6.8725E+00  4.1220E+01
-44.2371 117.2787  220.781  508  6.8735E+00  4.1334E+01
-44.1872 117.4841  220.677  509  6.8745E+00  4.1449E+01
-44.1369 117.6892  220.573  510  6.8754E+00  4.1564E+01
-44.0862 117.8939  220.469  511  6.8763E+00  4.1678E+01
-44.0352 118.0983  220.365  512  6.8769E+00  4.1793E+01
-43.9838 118.3023  220.261  513  6.8770E+00  4.1908E+01
-43.9320 118.5060  220.158  514  6.8769E+00  4.2022E+01
-43.8799 118.7093  220.054  515  6.8769E+00  4.2137E+01
-43.8274 118.9123  219.951  516  6.8762E+00  4.2251E+01
-43.7746 119.1149  219.847  517  6.8758E+00  4.2366E+01
-43.7214 119.3172  219.744  518  6.8757E+00  4.2481E+01
-43.6678 119.5191  219.641  519  6.8756E+00  4.2595E+01
-43.6139 119.7206  219.538  520  6.8754E+00  4.2710E+01
-43.5596 119.9218  219.435  521  6.8751E+00  4.2824E+01
-43.5050 120.1226  219.332  522  6.8746E+00  4.2939E+01
-43.4500 120.3231  219.229  523  6.8738E+00  4.3053E+01
-43.3947 120.5231  219.126  524  6.8729E+00  4.3168E+01
-43.3390 120.7229  219.023  525  6.8719E+00  4.3283E+01
-43.2830 120.9222  218.920  526  6.8708E+00  4.3397E+01
-43.2266 121.1212  218.818  527  6.8698E+00  4.3512E+01
-43.1699 121.3198  218.715  528  6.8686E+00  4.3626E+01
-43.1129 121.5181  218.612  529  6.8671E+00  4.3740E+01
-43.0554 121.7160  218.510  530  6.8657E+00  4.3855E+01
-42.9977 121.9135  218.407  531  6.8643E+00  4.3969E+01
-42.9396 122.1106  218.305  532  6.8619E+00  4.4084E+01
-42.8812 122.3074  218.202  533  6.8590E+00  4.4198E+01
-42.8224 122.5038  218.100  534  6.8561E+00  4.4312E+01
-42.7633 122.6998  217.997  535  6.8531E+00  4.4426E+01
-42.7039 122.8955  217.895  536  6.8500E+00  4.4541E+01
-42.6441 123.0908  217.793  537  6.8473E+00  4.4655E+01
-42.5840 123.2857  217.690  538  6.8451E+00  4.4769E+01
-42.5235 123.4802  217.588  539  6.8429E+00  4.4883E+01
-42.4628 123.6744  217.486  540  6.8402E+00  4.4997E+01
-42.4017 123.8681  217.383  541  6.8372E+00  4.5111E+01
-42.3402 124.0616  217.281  542  6.8336E+00  4.5225E+01
-42.2785 124.2546  217.179  543  6.8293E+00  4.5339E+01
-42.2164 124.4472  217.077  544  6.8250E+00  4.5452E+01
-42.1540 124.6395  216.974  545  6.8205E+00  4.5566E+01
-42.0913 124.8314  216.872  546  6.8161E+00  4.5680E+01
-42.0282 125.0229  216.770  547  6.8115E+00  4.5793E+01
-41.9649 125.2140  216.668  548  6.8065E+00  4.5907E+01
-41.9012 125.4048  216.566  549  6.8012E+00  4.6020E+01
-41.8372 125.5952  216.463  550  6.7958E+00  4.6133E+01
-41.7729 125.7852  216.361  551  6.7902E+00  4.6246E+01
-41.7083 125.9748  216.259  552  6.7842E+00  4.6359E+01
-41.6433 126.1640  216.157  553  6.7780E+00  4.6472E+01
-41.5781 126.3529  216.055  554  6.7718E+00  4.6585E+01
-41.5125 126.5413  215.953  555  6.7656E+00  4.6698E+01
-41.4466 126.7294  215.851  556  6.7592E+00  4.6811E+01
-41.3804 126.9171  215.749  557  6.7528E+00  4.6923E+01
-41.3140 127.1045  215.647  558  6.7466E+00  4.7036E+01
-41.2472 127.2914  215.545  559  6.7403E+00  4.7148E+01
-41.1801 127.4780  215.443  560  6.7338E+00  4.7260E+01
-41.1127 127.6642  215.341  561  6.7269E+00  4.7372E+01
-41.0450 127.8500  215.239  562  6.7198E+00  4.7484E+01
-40.9770 128.0354  215.138  563  6.7121E+00  4.7596E+01
-40.9087 128.2205  215.036  564  6.7033E+00  4.7708E+01
-40.8401 128.4051  214.935  565  6.6943E+00  4.7819E+01
-40.7712 128.5894  214.833  566  6.6853E+00  4.7931E+01
-40.7020 128.7733  214.732  567  6.6762E+00  4.8042E+01
-40.6325 128.9568  214.631  568  6.6670E+00  4.8153E+01
-40.5628 129.1400  214.529  569  6.6583E+00  4.8264E+01
-40.4927 129.3227  214.428  570  6.6494E+00  4.8375E+01
-40.4224 129.5051  214.327  571  6.6402E+00  4.8486E+01
-40.3517 129.6871  214.226  572  6.6307E+00  4.8596E+01
-40.2808 129.8687  214.126  573  6.6210E+00  4.8707E+01
-40.2096 130.0499  214.025  574  6.6109E+00  4.8817E+01
-40.1381 130.2308  213.924  575  6.6005E+00  4.8927E+01
-40.0663 130.4113  213.824  576  6.5900E+00  4.9037E+01
-39.9943 130.5914  213.723  577  6.5793E+00  4.9146E+01
-39.9219 130.7711  213.623  578  6.5672E+00  4.9256E+01
-39.8493 130.9504  213.523  579  6.5548E+00  4.9365E+01
-39.7764 131.1294  213.422  580  6.5421E+00  4.9474E+01
-39.7032 131.3080  213.322  581  6.5293E+00  4.9583E+01
-39.6298 131.4862  213.222  582  6.5165E+00  4.9691E+01
-39.5561 131.6640  213.122  583  6.5035E+00  4.9800E+01
-39.4821 131.8415  213.022  584  6.4905E+00  4.9908E+01
-39.4078 132.0185  212.922  585  6.4777E+00  5.0016E+01
-39.3333 132.1952  212.822  586  6.4655E+00  5.0124E+01
-39.2585 132.3716  212.722  587  6.4534E+00  5.0231E+01
-39.1834 132.5475  212.623  588  6.4412E+00  5.0339E+01
-39.1081 132.7231  212.523  589  6.4290E+00  5.0446E+01
-39.0325 132.8983  212.423  590  6.4168E+00  5.0553E+01
-38.9566 133.0731  212.324  591  6.4036E+00  5.0659E+01
-38.8805 133.2476  212.224  592  6.3894E+00  5.0766E+01
-38.8041 133.4217  212.125  593  6.3752E+00  5.0872E+01
-38.7275 133.5954  212.025  594  6.3612E+00  5.0978E+01
-38.6506 133.7687  211.926  595  6.3472E+00  5.1084E+01
-38.5734 133.9417  211.826  596  6.3336E+00  5.1190E+01
-38.4960 134.1143  211.727  597  6.3199E+00  5.1295E+01
-38.4183 134.2865  211.628  598  6.3057E+00  5.1400E+01
-38.3404 134.4584  211.528  599  6.2913E+00  5.1505E+01
-38.2622 134.6299  211.429  600  6.2768E+00  5.1609E+01
-38.1838 134.8010  211.330  601  6.2622E+00  5.1714E+01
-38.1051 134.9717  211.230  602  6.2475E+00  5.1818E+01
-38.0262 135.1421  211.131  603  6.2327E+00  5.1922E+01
-37.9470 135.3121  211.032  604  6.2169E+00  5.2025E+01
-37.8676 135.4818  210.933  605  6.2006E+00  5.2129E+01
-37.7879 135.6511  210.833  606  6.1844E+00  5.2232E+01
-37.7392 135.8322  209.746  607  6.2011E+00  5.2335E+01
-37.7214 136.0254  207.688  608  6.2501E+00  5.2439E+01
-37.7033 136.2186  205.656  609  6.2978E+00  5.2544E+01
-37.6849 136.4116  203.637  610  6.3452E+00  5.2650E+01
-37.6661 136.6045  201.640  611  6.3919E+00  5.2757E+01
-37.6494 136.7747  200.649  612  6.4123E+00  5.2864E+01
-37.6348 136.9223  200.649  613  6.4070E+00  5.2970E+01
-37.6121 137.1472  200.649  614  6.3989E+00  5.3077E+01
-37.5970 137.2931  200.649  615  6.3935E+00  5.3184E+01
-37.5791 137.4646  200.649  616  6.3872E+00  5.3290E+01
-37.5585 137.6582  200.649  617  6.3799E+00  5.3396E+01
-37.5392 137.8370  200.649  618  6.3732E+00  5.3503E+01
-37.5064 138.1366  200.649  619  6.3618E+00  5.3609E+01
-37.4905 138.2790  200.649  620  6.3563E+00  5.3714E+01
-37.4710 138.4523  200.649  621  6.3496E+00  5.3820E+01
-37.4478 138.6545  200.649  622  6.3417E+00  5.3926E+01
-37.4244 138.8531  200.649  623  6.3337E+00  5.4032E+01
-37.4006 139.0539  200.649  624  6.3259E+00  5.4137E+01
-37.3764 139.2555  200.649  625  6.3188E+00  5.4242E+01
-37.3519 139.4555  200.649  626  6.3116E+00  5.4348E+01
-37.3271 139.6565  200.649  627  6.3044E+00  5.4453E+01
-37.3020 139.8554  200.649  628  6.2973E+00  5.4558E+01
-37.2769 140.0520  200.649  629  6.2900E+00  5.4662E+01
-37.2517 140.2473  200.649  630  6.2819E+00  5.4767E+01
-37.2262 140.4417  200.649  631  6.2738E+00  5.4872E+01
-37.2003 140.6361  200.649  632  6.2656E+00  5.4976E+01
-37.1742 140.8308  200.649  633  6.2574E+00  5.5080E+01
-37.1478 141.0255  200.649  634  6.2491E+00  5.5184E+01
-37.1209 141.2200  200.649  635  6.2407E+00  5.5289E+01
-37.1005 141.3656  200.649  636  6.2343E+00  5.5392E+01
-37.0869 141.4623  200.649  637  6.2301E+00  5.5496E+01
-37.0664 141.6070  200.649  638  6.2237E+00  5.5600E+01
-37.0387 141.7997  200.649  639  6.2152E+00  5.5704E+01
-37.0107 141.9939  200.649  640  6.2065E+00  5.5807E+01
-36.9821 142.1899  200.649  641  6.1966E+00  5.5910E+01
-36.9534 142.3823  200.649  642  6.1860E+00  5.6013E+01
-36.9246 142.5742  200.770  643  6.1723E+00  5.6116E+01
-36.8954 142.7677  200.770  644  6.1619E+00  5.6219E+01
-36.8641 142.9618  200.649  645  6.1541E+00  5.6322E+01
-36.8299 143.1548  200.649  646  6.1415E+00  5.6424E+01
-36.7939 143.3486  200.770  647  6.1251E+00  5.6526E+01
-36.7579 143.5435  200.770  648  6.1118E+00  5.6628E+01
-36.7228 143.7316  200.649  649  6.1019E+00  5.6730E+01
-36.6879 143.9178  200.649  650  6.0890E+00  5.6831E+01
-36.6527 144.1042  200.649  651  6.0757E+00  5.6932E+01
-36.6172 144.2878  200.649  652  6.0622E+00  5.7033E+01
-36.5811 144.4733  200.649  653  6.0484E+00  5.7134E+01
-36.5448 144.6603  200.649  654  6.0344E+00  5.7235E+01
-36.5084 144.8455  200.649  655  6.0203E+00  5.7335E+01
-36.4711 145.0332  200.649  656  6.0058E+00  5.7435E+01
-36.4327 145.2247  200.649  657  5.9910E+00  5.7535E+01
-36.3940 145.4155  200.649  658  5.9762E+00  5.7635E+01
-36.3550 145.6059  200.649  659  5.9614E+00  5.7734E+01
-36.3159 145.7964  200.649  660  5.9466E+00  5.7833E+01
-36.2774 145.9825  200.649  661  5.9322E+00  5.7932E+01
-36.2387 146.1670  200.649  662  5.9172E+00  5.8031E+01
-36.2089 146.3070  200.649  663  5.9056E+00  5.8129E+01
-36.1888 146.4013  200.649  664  5.8978E+00  5.8227E+01
-36.1586 146.5430  200.649  665  5.8864E+00  5.8325E+01
-36.1179 146.7340  200.649  666  5.8713E+00  5.8423E+01
-36.0734 146.9244  200.649  667  5.8553E+00  5.8521E+01
-36.0189 147.1099  200.649  668  5.8374E+00  5.8618E+01
-35.9572 147.2915  200.649  669  5.8193E+00  5.8715E+01
-35.8969 147.4667  200.649  670  5.8020E+00  5.8812E+01
-35.8286 147.6347  200.649  671  5.7830E+00  5.8908E+01
-35.7434 147.7928  200.529  672  5.7632E+00  5.9004E+01
-35.6510 147.9421  200.529  673  5.7391E+00  5.9100E+01
-35.5587 148.0909  200.649  674  5.7129E+00  5.9195E+01
-35.4674 148.2378  200.649  675  5.6902E+00  5.9290E+01
-35.3796 148.3783  200.649  676  5.6683E+00  5.9384E+01
-35.2941 148.5157  200.649  677  5.6470E+00  5.9479E+01
-35.2058 148.6565  200.649  678  5.6250E+00  5.9572E+01
-35.1147 148.8008  208.762  679  5.4194E+00  5.9663E+01
-35.0274 148.9393  227.902  680  4.9711E+00  5.9745E+01
-34.9464 149.0673  250.147  681  4.4613E+00  5.9820E+01
-34.8617 149.2002  275.072  682  3.8978E+00  5.9885E+01
-34.7976 149.3010  295.216  683  3.4481E+00  5.9942E+01
-34.7599 149.3613  307.782  684  3.1700E+00  5.9995E+01
-34.7115 149.4564  326.890  685  2.8681E+00  6.0043E+01
-34.6561 149.5810  352.290  686  2.5721E+00  6.0086E+01
-34.6036 149.7019  378.839  687  2.2656E+00  6.0123E+01
-34.5505 149.8224  412.287  688  1.8835E+00  6.0155E+01
-34.4967 149.9433  445.246  689  1.5101E+00  6.0180E+01
-34.4436 150.0641  469.359  690  1.2383E+00  6.0201E+01
-34.3912 150.1824  499.951  691  1.0242E+00  6.0218E+01
-34.3236 150.3335  552.905  692  8.3575E-01  6.0232E+01
-34.2701 150.4531  600.026  693  6.6980E-01  6.0243E+01
-34.2179 150.5705  644.905  694  5.1303E-01  6.0251E+01
-34.1918 150.6288  667.527  695  4.3450E-01  6.0259E+01
-34.1382 150.7477  702.319  696  3.1426E-01  6.0264E+01
-34.0973 150.8380  732.537  697  2.5145E-01  6.0268E+01
-34.0564 150.9300  757.246  698  2.3121E-01  6.0272E+01
-34.0385 151.0076  776.670  699  2.1541E-01  6.0276E+01
-34.1056 151.0848  821.003  700  1.7986E-01  6.0279E+01
-34.1827 151.1042  860.094  701  1.4863E-01  6.0281E+01
-34.2117 151.1667  876.712  702  1.3534E-01  6.0283E+01
-34.1478 151.2127  894.431  703  1.2105E-01  6.0285E+01
-34.0971 151.2152  927.726  704  9.9128E-02  6.0287E+01
-34.0588 151.2053  954.118  705  9.1261E-02  6.0288E+01
-34.0196 151.1949  982.455  706  8.2831E-02  6.0290E+01
-33.9767 151.1838 1011.476  707  7.4182E-02  6.0291E+01
-33.9453 151.1758 1033.238  708  6.4554E-02  6.0292E+01
-33.9419 151.1733 1033.238  709  6.4552E-02  6.0293E+01
-33.9387 151.1706 1033.238  710  6.4551E-02  6.0294E+01
 #GCR MODEL   4  TRANSPORT AND CUTOFFS: 0   SUPERPOSITION:   0
 #DATE: 2018/07/28 HOUR:            0
 #6.0294E+01 TOTAL          microSv, ICRP Pub. 103 EFFECTIVE DOSE 
